11111111
01111100
00000000
00000000
00000000
00000000
00000000
00000000
00000000
00000000
00000000
00000001
00000000
11000000
00100000
00001000
00000100
00000000
00000000
01000000
00011000
11110000
01111110
00111000
10011001
00110111
10001100
00000010
00110100
11110110
00011111
00000101
11000010
01100000
10000000
00000000
00100000
00000000
00000000
00000000
00000000
00111000
00000000
00000000
00000000
00000000
00000000
00000000
00000000
00000000
00000000
00000000
11111011
11000000
00111100
11111110
00000010
00000000
10000000
00100000
00001000
00000010
01110000
10001010
00101011
10001111
11100010
11000000
00000000
00000000
00001100
00010100
00000000
00000000
00000000
00000000
00000000
00000000
00000000
11000000
00001000
00000000
00000000
00100000
00001000
01001111
00011111
10000000
00000000
00000000
11101011
00011100
10110000
10010011
01000000
00111100
00000111
00000001
10000000
00100001
00000100
00000001
00011000
00000000
00000000
00010000
00000000
10000000
00000000
00000000
00000000
00000000
00000000
00000000
00000100
00000110
00000010
00000000
00000000
00000001
00000000
00000000
00000000
00100000
00000100
00000000
00000000
00001110
00000000
00000000
00000000
00000000
00000000
00010000
00010000
00000000
00000000
00000000
00000000
00000000
00000000
01000000
00000000
00000000
00000000
00000000
00000000
00000000
00000000
00000000
00000000
00000000
00000000
00011000
00000000
00000000
00000000
00000000
00000000
00000010
00000001
00000000
01010000
00000100
00001001
00000000
00000000
00000000
00000000
00000000
00000000
00000000
00000000
00000000
00000000
00000000
00000000
00010000
00000000
00000000
00000000
00000000
00000001
00000000
00000000
00000000
00000000
00010000
00000000
00000000
00000000
00000000
00000000
00000000
00000000
00000000
00000000
00000000
10000000
00000000
00000000
00000000
00000000
00000000
10001100
00000000
00010000
11101010
00000001
00000000
10000000
00100000
00000000
00000000
00000000
00000000
00000000
00000100
00000000
00000000
00000000
00000000
01111111
11000000
00000000
00010000
00011000
00001000
00000101
11000011
11100001
11111000
00100100
00000110
00000000
00110000
00001000
00000001
00100000
00000000
00101110
11111100
00000000
00010000
00000000
00000000
00000000
00000000
00000000
00000000
00000000
00000000
00000000
00000000
00000000
00000000
00001110
00000000
00000000
00010000
00000000
00000000
00000000
11000110
01010001
11110100
00100111
00000111
01000000
01110000
00011100
00000011
00000000
00000000
00000000
00001000
00000000
00000000
00000000
00000000
00000000
00000000
00000000
00000000
00000000
00001010
10000000
00000000
00000000
00001110
00000000
00000000
00000000
00000000
00000000
00100000
00001000
00010000
00000000
01100000
00000000
00000000
00000000
00000000
00000100
01011010
00000000
00000000
00000100
00000000
00000000
00000000
00000000
00000000
00000010
00000000
10100100
00000001
00000000
00000000
00000000
00000000
00000100
00000000
00000000
00000000
00001011
11001000
10011001
00001010
00000000
00000000
00000000
00000000
00000000
01000000
00011101
00000000
10000000
00000000
00000000
00000000
00010101
11111001
10000000
00000000
00000000
00000000
00000000
00000000
00000000
00000000
01010000
00000000
00000000
00000000
00000000
00001101
01111010
01000000
00000000
00001011
11111110
11011111
11110001
01010000
00010000
00000000
00000000
00000000
00000000
00000000
00111111
11110111
00000000
00000000
10000000
00000000
00000000
00000100
00000000
00000000
00000000
00000000
01000000
00000000
00001000
00000010
00000000
00000000
00000000
00000000
00000000
00000000
00000000
00000000
00000000
00000000
00000000
00000000
00000000
00000100
00000000
10000000
00000000
00000000
00000000
00000000
00000000
00100010
00000000
00000000
00000000
00000000
00000000
00000000
00000001
10000000
00000100
00100001
00000010
00000000
00000000
00000000
00000000
00000000
00000000
01000001
10000001
00000000
00000100
00000000
00000000
00000000
00000000
00000000
00000000
00000000
00000000
00000000
00100100
00000001
01100100
00000000
00001010
01001000
00000000
00000000
00001000
10000000
00000000
00000000
00000000
00000000
00100000
00000000
00000000
00000000
10000000
00000000
00000000
00000000
00000000
01000000
00000000
00000000
00000000
00000000
00000000
00110000
00100001
00000011
01000001
00100000
00001000
00010000
10000000
00000000
00111000
00000000
00000000
00000000
00000000
00010000
00000000
00000000
00000000
00000000
00000000
00000000
00000000
01100000
00000000
00000000
11111101
11000000
00000011
01111100
00000011
00000000
10000000
00000000
00001100
00000011
11110000
11110000
00000000
00000000
00000000
00000000
00000000
00000000
00000000
00000000
00000000
00010000
00000000
00000100
00000000
00000000
10000000
00000000
00000000
00000000
00001000
00000000
00000000
00001000
00000000
00000000
00000000
00000001
00000000
00000000
00000000
00000000
00000000
00000000
00000000
00000001
00000000
00000000
00000000
00000000
10000110
00000001
10100000
00000000
00000001
00011000
00000100
00000000
00000000
00000000
00000000
00000000
00000000
00000000
00000000
00000000
00000000
00000000
00000000
00000000
00000010
11000000
00000000
00000000
10000000
00000000
00011100
00011011
01100110
11001000
10001101
01001001
01001001
00000110
11100000
00000000
00000000
00000000
00000000
00000000
00000000
00000000
00000000
00000000
00000000
00000000
00000010
00000000
10000000
00010000
00000001
00000000
01011101
00000000
01101011
00100010
10000001
01100000
01111000
00011100
00011111
00000111
00000011
01110000
11000110
00011101
00000011
01110000
00000000
00000000
00000010
10000000
00000000
00000000
00000000
00000000
00000000
00000000
00000000
01000000
00010001
00000100
00000000
01000000
00000000
00000000
00000000
00000000
00000010
00100000
00000000
00000000
00000000
00000000
00001000
00000000
00000000
00000100
00100000
00011000
00000000
00000000
00000000
00000000
00000000
01000000
00000000
00000000
00110001
00000000
00000000
00000000
00000000
00000010
00000000
00000000
00000000
00000000
00001000
00000000
01000010
00000000
00000100
10000000
00000000
00000000
00000000
00000000
00000000
00100000
00010000
00000100
00100100
00000101
00000000
10000000
11111110
00000000
00010000
00000000
00000000
00100000
00000000
00001100
00000011
00000000
01111100
00000000
00000000
00000000
00000000
00000000
00000000
00000000
00000111
11000001
11111111
11111110
00000011
10000000
11000000
00110000
00001100
00000010
00000000
11100000
00110001
11111111
01111001
11111100
00000000
00000000
00000000
00000000
00000000
00100000
00000000
00000000
00000000
00000000
00000000
00000000
00000000
00000000
00001000
00000000
00000100
10000000
00000000
00000000
00000000
00000000
00000000
00000000
00000000
00000000
00000000
00000000
00000000
00000000
00000000
00000000
00000000
00000000
00000010
00000000
00001000
00000000
00000000
00000010
00000000
10000000
00000000
10000100
01000011
00000000
01000000
00010000
00001000
00000000
00000000
00000000
00001000
00000000
00000000
10000000
10000000
00100000
00000000
00000000
00000000
00000000
00000000
00000000
00000000
00000000
00000000
00000000
01110000
00000000
00100000
00000000
00000000
00000000
00000000
00000000
11000000
00000000
01000000
00010000
00001000
00000010
00100000
01100000
00000000
00000001
00110011
10000000
00010111
11111011
00000011
00000000
10000000
00010000
00000100
00000001
00000100
01000000
00010000
00000100
00000000
00000000
00000000
00000000
00000000
00000000
00000000
00000000
00000000
00000000
01000000
00000000
00000000
00000000
00000000
00000000
00000000
00000000
00000000
01000000
00000000
00000000
00000000
00000000
00000000
00000000
00000000
00000000
00000000
00000000
00000000
00000000
00000000
00000000
00000100
00000000
00000100
00000000
00010000
00000000
00000000
00000000
00000000
00000000
00000000
00000000
00000000
00000000
00000000
00000000
00000000
01000100
00000000
00000000
01001000
00000000
01110000
00000000
00000001
00000000
00000000
00100000
00000100
00000101
01011111
00100000
00100000
00000000
00000000
00000000
00000000
00000000
00000000
00111000
00000000
00000000
00000000
00000110
00000100
00000000
00000000
00000010
00000000
00000000
00000000
11000001
00000000
00000000
00000000
00000000
00000000
00000000
10000000
00000000
10000000
00000000
00000000
00000000
00010000
00000000
00000000
00000000
00000000
00000000
00010000
00000000
00000000
00000000
00100000
00000000
00000000
00000000
00000000
00000000
00000000
00000000
00000000
00000000
01000000
00000000
00000000
00000000
00000000
00000000
00000000
00000000
00000000
00000000
00000000
00000100
00000000
00000000
00000000
00000000
00000000
00000000
00000000
00000000
00000010
00000000
00000000
00000000
00000000
00000000
00000000
00000000
00000000
00000000
00000000
00000100
00000000
00000000
00100100
00000100
00000000
00000000
00000000
00000000
00000000
00000000
00000000
00000000
00010010
01000000
00000000
00000000
00000000
00000000
00000000
00000000
00000000
00000000
00001000
00000000
00001000
00000000
00000010
01000000
00000000
00000000
00000000
00000000
00000100
00000011
00000010
00000001
10000000
00000000
00000000
00000000
01000000
00000000
00000000
00100000
00000000
00000000
00000000
00000100
00000000
00000000
00000000
00000000
00000000
00000000
00000000
00010000
11110011
11110000
00000000
00000000
00000000
00000000
00000000
00000000
00000000
00000000
00000000
00000000
00000000
00000000
11100000
00100000
00000000
00000000
00000000
00000001
11011111
11111101
00000000
01000000
11110000
00011111
00001111
01110011
10000010
11100000
00000000
00000000
00000011
11010000
00100000
01000000
00101000
01000000
00000000
00000000
10000000
00000000
10010000
00000100
00000001
00000000
01000000
00000000
00000100
00000000
00000000
00000000
00000000
00000000
00000000
11000000
00000000
00000000
00000000
00000000
00000000
00000000
00101000
00000010
00000000
00000000
00000000
00000000
11100000
00000000
00001000
00000000
00000000
01010000
00000000
00000000
00000000
00000000
00000000
10000000
00000000
00001000
00000000
11100000
00000000
00000000
10100110
11000000
00000000
11010000
00000000
00000000
00000000
00000001
10000000
00010000
00000100
00000000
00100000
00001000
00000000
00000000
01100000
00000000
00001000
01100000
00000000
00000000
00000000
00000000
00000000
00000000
00010000
00000100
00000001
00000000
00000000
00000010
00000000
00000000
01001100
00000000
00000000
10000110
10000000
00110000
00001100
00000001
00000000
01000000
00100000
00001000
00000000
00000000
00000000
00000000
11011111
11011110
00000000
00000000
00000000
01000000
00100000
00010000
00000100
00000000
00000000
00000100
00000000
00000000
00000000
00000000
00000000
00000000
00000000
00000000
00001111
11111110
00000011
00000000
10000000
00100001
00001000
00000010
00000000
10000000
00000000
00001110
00011111
11111111
00000000
00000000
00000000
00000000
01000000
00100000
00000000
00000000
00000000
00000000
00000000
01000000
00100000
00000000
00000000
00000000
00000000
00000000
00001010
00000000
00000000
00000000
00000000
00000000
11000000
00010000
00001000
00000000
00000000
00000000
00000000
00000000
00000000
00000000
00000000
00000000
00100000
00000000
00000000
00000000
00000000
00000000
00000000
00000000
00001100
00000000
00000000
00000100
00000000
10000000
00100000
00000011
10001010
00000000
00100000
00011100
01100000
10000100
00010000
00000010
00000000
00000000
00000000
00000001
10000000
01000000
00010111
00000000
00000000
00000000
00000000
00111000
00000000
00000000
01000000
00001000
00000000
10000000
00000000
00001000
00000001
00000000
01000000
00000000
00000000
00000101
01000000
00000000
00000000
00000000
00001100
00000000
00000000
00000000
00000000
00000000
00000000
00010000
00000000
00000010
00000000
11000000
11010010
10100111
11000000
00000000
00000000
00000000
00000000
00000000
00000000
00010000
00000100
00000011
00000000
10000000
00100000
00000000
00000000
00000000
00000000
00000000
00001101
00011011
00000001
01010000
01101001
00011000
00000100
10000000
10110000
10110000
00100011
00001000
10010001
11100000
10000000
00000000
00101111
11100000
00000000
00000000
00000000
00000000
00000000
00000000
00000000
00000000
00111001
00011000
01000000
00011000
00000010
00001111
11111111
01000000
00000001
11110011
11110111
11101111
11111111
11101111
10111111
11011110
00000000
00000000
00000000
00000000
00000000
00000000
11111110
00000000
00111000
00000000
00000000
00010000
00000000
00000100
00000010
00000001
10000000
01111100
00001110
00000000
00000000
00000000
00000000
00000000
00011110
10000000
00111111
01111010
00000001
10000000
00000000
00100000
00001000
00000010
00000000
10000000
00100000
00001100
11000001
11100000
00000000
00000000
00110000
00000000
00000000
00000000
00000000
00000000
00000000
00000000
00000000
00000000
00000010
00000000
10000000
00100000
00000000
00001111
01111111
11000000
00111011
10111111
11111111
11111111
11111101
11111110
01111111
00000111
11000001
11110000
01111100
00010111
00000110
00000000
00000000
00001000
00000000
00000000
00000000
00000000
00000000
00000000
00000000
00000000
00000000
10000000
00000000
00001000
00000000
00000000
00010000
00000000
00000000
00000000
10000000
00000000
00010000
00000010
00000000
00000000
00010000
00000000
00000000
00000000
00000000
00000000
00000000
00000000
10000000
00000000
00110100
00000000
00000000
00000000
00000000
00000000
00000000
10000000
00000000
00000000
00010000
00000100
00000000
10000000
00011000
00001111
11111010
01000000
00000010
10100111
11010010
00000000
10000000
00000000
00000000
00000000
00000000
00000110
00000000
00000000
00000000
00000000
10000000
00000000
00000000
00000000
00000000
00000000
00000000
00000010
00000000
00000000
00000000
00010000
00000100
00000000
00000000
00000000
00000000
00000110
10011100
00000000
00000111
00101000
00000001
01000001
10010000
01010100
00010010
00000001
00000000
11100000
01010000
00010100
00000111
00000010
00000000
00000000
00000000
00000000
00000000
00000000
00000000
00000000
00010000
00000000
00000010
00000000
00000000
00000000
00000000
00000000
00000000
01000000
00000000
00000000
00000000
00000000
00000000
00000000
00000000
00000000
00000000
00000000
00000000
00000000
01000100
11000000
00100010
10001011
01000000
00000000
00000001
00001000
00000000
00000000
00000000
00000000
00000000
00000000
00000000
00000000
00000000
00000000
00000000
00000000
00011000
00000000
00000001
00000000
00000000
00000000
00001000
00000000
00001000
00000101
00000001
10110001
00001001
10001110
00100000
00100000
00000000
00000000
10000000
00000000
00000000
00000000
10000000
00000000
00000000
00000000
00000100
00000000
00000000
00000000
00000000
00000000
00000000
00000010
00000000
00000011
01001100
00000000
00000000
00001110
00000001
00000000
10000000
00100000
00000000
00000010
00000100
00000000
00000000
00000000
00000000
00000000
10110101
11100000
00101000
00000000
00000000
00101100
00000000
00000000
00000000
00000000
00000000
00000000
00000000
00000000
00000000
00000000
00000000
00000000
00000000
01000000
10101110
11110000
00000011
10000000
00111111
01001010
10010101
11011011
10111010
10011101
00010011
01101111
00011110
11110010
01111111
11111100
00100000
00000000
00000000
00000000
00000000
00000000
00000000
00000000
00000000
00000000
00000000
00000001
11100000
00000000
00000000
00000000
00000000
00000000
00110110
11111011
01100011
11001000
10000011
00100000
11101000
00011010
00000000
10000000
00010000
00001100
00000011
01110110
01001010
10010100
00100110
00000000
00000000
11110000
01000000
00100000
00000000
00010001
00000000
00000000
00000000
00000000
00000000
00000000
00000000
00000000
00000000
00000000
00000001
00001000
00000010
00000000
00000000
00000000
00000000
00000000
00000000
00000000
00000011
10000110
10111110
10101000
11010111
00000000
00011000
00000000
00000000
00000000
00000000
00000000
00000000
00000000
00000100
00000000
00000000
10000000
00110000
00001000
00000011
00000000
00000101
11000000
10011010
01111011
01110011
00011000
11110001
00001000
01001111
11010011
10110100
01101111
00111000
10001001
10000011
11000000
00000000
00000000
00000000
00000000
00000000
00000000
00000000
00000000
00000000
00000000
00000000
00011000
00000111
11000000
00000000
00000000
00000000
00001110
01111111
11000000
01111111
11111111
11110111
11010011
11101111
01111110
11011000
00000011
00000000
11000000
00110000
00001100
00000011
11111100
01011111
11100000
00000000
00000000
00000000
00000000
00000000
00000000
00000000
00000000
01000000
00010000
00000000
00000000
00000000
00000000
00000000
00000000
00000001
01000111
00110111
11001010
11000001
11101000
01100101
10011000
00001100
00000011
00000000
11000000
00000000
00001100
00000000
00000000
00000000
00100000
00000000
00000000
00000001
00000000
10110000
00000001
00000000
00000000
00001000
00000000
00000010
00000000
00001000
00000000
00000000
00000000
00000000
00000000
00000000
00100000
00000100
00000000
00000000
00000000
00000000
00000001
00000000
00000000
00000000
00000000
00000000
00000000
11000110
00111100
00110000
00000000
00000000
00000000
00000000
00000000
00000000
00000000
00000000
10000000
00000111
00000000
00000000
00000000
00000000
00000000
00000000
00000000
00001101
10111101
00000000
11100000
00001101
11000000
01000000
00000000
00000000
00000000
00000000
00000010
00000001
00001101
10010101
01110000
00100010
10100000
00000000
00000000
00000000
00000001
00000000
00000000
00000000
00000000
00000010
00000000
00000000
00000000
10000000
00000000
00000000
01000000
00000000
00100000
00000100
00000000
10000000
01100001
00001001
10000010
01000000
00100000
01000000
00000000
00001000
00000010
11010111
10000000
00111111
11100000
00000000
00000011
00000000
01110000
00000000
00000000
00000000
00100000
00000000
00000100
00000001
00000000
10000000
00000000
00000000
11000000
00000000
00110000
01111100
00001110
00000000
01000000
01110000
00001111
10000111
01000001
11000000
01000000
00011100
00001001
00010000
10111101
10010000
00000000
00000000
00000000
00000000
00000000
00000000
00000000
00000000
00000000
00000000
10000000
00000000
00000000
00000000
00000000
00000000
00000000
00010001
10010000
00000010
00000000
10101111
10101110
00011000
00101000
00000000
10110000
00000000
00000100
00000000
00000110
01000101
00011000
00001010
00000000
00000000
00010000
00000000
00001000
00000100
00000001
00000000
00000000
00010000
00000000
00000000
10000000
00000000
00000000
00000000
00000000
00001110
01110000
00000010
00000000
00000000
00000000
00000000
01000000
00010000
00000000
00100000
00001000
00000000
00000000
00000000
00000000
00000000
00000000
00010000
00000000
00000000
00000000
00000000
00000000
00000000
00000000
10000000
00100000
00000000
00000000
00000000
00000000
00000000
00000000
10000000
00000000
00000000
00000000
00000000
00000000
00000000
00000000
00000000
00000000
00000000
00000000
00000000
00000000
10001111
11001000
00100000
00000000
00000000
00000000
00000000
00000000
01000000
00100000
00010000
00001000
00000100
00000001
00000000
00000000
00000000
00000000
00000001
11000011
01111111
11111111
11000010
10101000
11111110
00111110
00000101
00000011
10000000
01100000
00110000
00001100
00000011
10000000
00000100
00000000
00010100
00000000
00000000
00000000
00000001
00000000
01000000
00000000
00000100
00000001
00000000
00000000
00000000
00000000
00000000
00000000
00000011
00000001
10100111
10111110
00000000
00000100
01000000
00000110
01000011
00110001
11000100
10000000
00001000
00000000
00000010
00000000
01100011
01000000
00111100
10000000
00000000
00000010
00000000
01000011
00001110
00000000
00010000
00000000
00000010
00000000
00000000
00000000
00000000
00000000
00000000
01000000
00000101
11000000
00000000
00000000
00000000
00000000
00000000
00000000
00000001
11110000
01011000
00010100
00000110
00000001
00001000
00000000
00000000
00000000
00000000
00010100
00000000
00000000
00000100
00000000
00000000
00000000
01000000
00000000
00000010
00000000
00110000
00000000
00001000
00000001
00000000
00000000
00000000
00000000
00000000
00000000
00000000
00000000
00000000
00000110
00000000
00000000
00000000
00000000
00000000
00000000
00000000
00000000
00000000
00000000
00000000
00000000
10000000
00000000
00000000
00000000
00000000
00000000
00000000
00000000
00000000
10000000
00000000
00000000
00000000
00000000
00000000
00000000
00000000
00000000
00000000
00000000
00000000
00000000
00000000
00000000
00000000
00000000
01000000
00000000
00000000
00000000
00000000
00000000
00000000
00000000
00000000
00000000
00000100
00001000
00000000
00000010
00000000
00000000
01000000
00001110
00001010
01000000
00100000
01000010
10000000
00000000
01000010
01000000
10100110
01000000
01000000
10110000
00101000
00000100
00100010
00000000
00100000
00000000
01000101
00000000
00000000
00000000
00000000
00000000
00000000
00000000
00010000
00000000
00000000
00000000
01000000
00000000
00000000
00000000
00000000
00000000
00000000
00000000
00000000
00000000
00001000
00000100
00000010
00000000
00000000
00000000
00000001
00000000
00000000
01000100
00000000
00100000
00000000
00000000
00000000
01000000
01000000
10000000
00100000
00000000
00000000
00000000
00000000
00000100
00000000
00000010
00000000
00000000
00000000
00000000
00000000
00000000
00000000
00000010
00000100
00000000
00010000
00000000
00001000
00000000
01000000
01000000
00100000
00000100
11111110
00000000
00000000
00000000
00000000
00000000
00000000
00000000
10000000
01000000
00010000
00001000
00000110
00000001
00000000
10000000
00100000
00000000
01110111
10000001
11111101
11110111
11110011
11111000
11010100
00011111
00001011
10000001
10100000
11010000
00111000
00001100
00000010
00000000
00000000
00000000
00111011
11101111
00000000
00000000
00000000
00000000
00000000
00001000
00000000
00000000
00000000
00000000
00000000
00000000
00000000
01111010
10101110
10000000
00000000
00000000
00101000
00011011
00000000
10000001
01010000
00100000
00001011
00000000
01111111
01101111
00011000
01110110
10001110
11111000
00011111
11100000
00000000
00000000
01100000
00010000
00000000
01000000
00000000
00000000
00000000
00000000
00000000
00000000
00000000
00000000
00000000
00000000
00000000
00010000
00000100
00000000
00000000
00000000
00000000
00000000
01100000
00111111
10111110
10111101
11100111
11111011
00111111
11000000
00000000
00000000
00000000
01000000
00010000
00001000
00000011
00000000
10000000
00000000
00000100
00000001
00000000
00100000
00000100
00000000
00000001
00000000
11011110
10111100
00000111
00000001
01000000
00000000
00001100
00000011
10000000
11100000
00011000
00000100
00000001
10000000
00000000
00000000
00001010
00000000
00000000
00000000
00000000
00000000
00000001
00000000
00000000
00000000
00000000
10000000
01000000
10000000
00100000
00000011
01100010
01000000
00000101
00100011
10011111
10110000
01000000
00000000
00000000
00000000
00000000
00000100
00000000
00000000
00000000
00000000
00010011
01011011
00100100
10110010
10000000
10000000
01000000
11100000
00000000
00000000
00000000
00000000
00000000
00000000
00000000
00000000
00000000
00000000
00000000
00000000
00000000
00000000
00111100
00011110
00001111
00000111
10010111
11000010
11110001
10100010
01011101
00000111
01010001
00000000
01101100
11110100
00001000
00000000
00000000
00000000
00000001
00000000
00000000
00000000
00000000
00000100
00000010
00000001
00000000
00000000
00000000
00000000
00000000
00000000
10000100
01000100
01010000
10010000
00000000
00000101
00001110
00000000
00000001
00000000
01010000
00011000
00000110
00000011
00000000
00000000
00000110
01001000
00000000
00000000
00000000
00000000
00000000
00001000
00000011
00000000
10000000
00010000
00001000
00000001
00000000
00000110
10010111
11000000
00000000
10110010
01000100
10011010
00000011
11000000
00010000
10100000
00010010
00001001
00000000
10110000
00010100
00101110
00000000
00000000
00100000
00000000
00000000
00000000
00000000
00000000
00000000
00000000
00000000
00000000
00000000
00000000
00000110
00101100
00110000
00011001
11000000
00000000
00000000
00000111
00110010
00000000
00000000
00000000
00010000
00100001
10001101
00001010
00000000
00000000
00000000
00000000
11100000
00000000
00111110
00000000
00000000
00000000
00000000
00010000
00001000
00000110
00000001
00000000
00000000
00100000
00001000
00000010
00000000
00000001
11111111
11000000
00000010
10111100
00001110
00000011
10000001
10000001
01000000
00110000
00110000
00000000
00000000
00000000
00000000
00000000
00110011
11101100
00001100
00000000
00000000
10000000
00100000
00001000
00000011
00000000
00000000
00010000
00000010
00000000
00100000
00000000
00000000
00000000
00000000
00000000
01111000
00011000
00000010
00000000
11000000
00001000
00000010
00000011
01000000
01100000
00100010
00000011
01000000
10110100
00000000
00000000
00000000
00000000
00000000
00010100
00000000
00000000
00000000
00000000
00000000
00000000
00000010
11000000
00000000
00000000
00000000
00000000
00000000
00100001
00000000
00000000
00000000
00000000
00000000
00000000
00000000
00000000
00000000
00000000
00000000
00000000
00000000
00000000
00000000
00000000
00100001
01100000
00000000
00000000
00000000
00000000
10000000
00000000
01000000
00000000
00001000
00000100
00000000
00000000
01000000
00000000
10000000
00000000
00000000
10001010
10000001
10000000
00010000
00010000
00000100
00000010
00000000
10000000
01100000
00100000
00010100
00000001
01000000
00000000
00111111
11111110
00000000
00000000
00000000
00000000
00000000
11000000
00000000
00000000
00000000
00000000
00000000
00000000
00000000
00000000
00000000
00000000
00000000
00010000
00111100
00001101
00000000
00000000
00000000
00000000
00000000
00011111
01111111
11111011
11011100
11111011
10000000
00000000
00000000
01001000
00000000
00000000
00000000
01000000
00000000
00000000
00000000
00000000
00010000
00000000
00000000
00000010
00000000
00001100
01001000
00000000
00000000
00000001
00000100
00100000
00000011
00000000
00000000
00000100
00010010
00000000
00100000
10100000
00000000
00001000
01000000
00000000
00010000
00010000
00000000
00000000
00000000
01000000
00000000
00000000
00000000
00000000
00001000
00000010
00000011
00000011
00000000
00000011
01000001
10000000
00000000
11010111
00100100
00110000
00000101
10000000
01100000
00100000
00001011
00000000
10000000
01100000
00001100
00000010
00100001
10000000
00000010
00100000
00000000
00000000
00000000
00000000
00000000
00000000
11000000
00000000
00000000
00000000
00100000
00001000
00000000
00000000
00000010
00000000
00000000
00010000
00000100
00000000
00000001
01000000
00000000
00000000
00000000
00000000
00100010
00000000
01100000
00000000
11111111
11000000
00000000
00000000
00000000
00000000
00000000
00000000
00000000
00000000
00000000
00000000
00000000
00000000
00010000
00000100
00000011
00000000
00000111
11001111
00111000
01111110
00011101
01011110
01101111
11111101
01010110
01110111
10010000
11111000
10101100
10000100
11000011
11010000
00100110
00000000
00110100
00000000
00001000
00000010
00000000
00000000
00010000
00000011
00000000
00101000
00001100
00000000
00000000
00000000
00000000
00000000
00001010
00000000
00001100
01010001
00000000
01000000
00000000
00000000
00000000
00000000
00000000
00000000
00000000
00000000
00000000
00000000
00000000
00000000
00000010
00000000
00000000
00000000
00000000
00000000
00000000
00000000
00010000
00000000
00000000
00000000
00000000
00000000
00000110
00011000
01100100
00000000
00111001
11111000
11010100
00100001
10001000
00010000
00001000
00000000
00000000
00000000
00000000
10000001
11000011
01000000
11100000
00000000
00110100
00010110
00000000
00000000
10000000
00100000
00000000
00000110
00000001
10000000
00100000
00010000
00000100
00000001
00000000
00000001
11100000
00000000
00000000
00001000
00001000
00000000
10000000
11000000
00100000
00000000
00001000
00000010
00000000
01100000
00001000
00010010
00100110
00000000
00010001
11000000
00000000
00000000
00000010
00000000
00000000
00000000
00000000
00000000
00000000
00000000
00000000
00000000
00000000
00000000
00101000
10000000
00000000
01110000
00000000
00000000
00000010
00000101
10000001
01010000
00100000
00011100
00000100
00000001
01100000
00010000
11011111
11111010
00101011
11000000
00000000
00000000
00010000
00000100
00000011
00000000
01000000
00010000
00001100
00000011
00000000
01000000
00000000
00000000
00000000
01000000
00000000
00110000
00001000
00000000
00000000
00000000
00011000
00011101
10000111
11100001
11100000
00101110
00001111
10000011
11110000
00000000
00000000
00000000
00000001
00000000
01000000
00010000
00000100
00000001
00000000
00001100
00000000
00000000
00000000
00000000
00000000
00000000
00001111
00000000
01100101
01101000
00000000
00000000
00000010
00000000
00000000
00000000
00000000
00000000
00100000
00000011
00111100
01010000
00000000
00000000
00000100
00000000
00000000
00000000
00000000
00000000
00000000
00000000
00000000
00000000
00000000
00000111
00000000
00000000
00000110
01100000
00000000
00000000
00000000
00000000
00000000
00000001
00000000
00000000
00000000
00100000
01001000
00000000
10000000
00000000
00000000
00110000
00000000
00000000
00000000
00000000
00010000
00000000
00010000
00000000
00000000
00000000
00000000
00000000
00000000
00000000
00000000
00000000
00000000
00000000
00000000
00000000
00000000
00000000
00000000
00000000
00000000
00000000
00000000
00000000
00000000
00000000
00000000
00000000
00000000
00000000
00000010
00000000
00000001
00000000
00000001
00000000
00000000
00000000
00000000
00000000
00000000
00000000
00000000
00000000
00000000
00000000
00000000
00000000
00110000
00000000
00001000
00000000
00000000
00000000
00000000
00000001
00000000
01100000
00000000
00000100
00000001
00000000
11000000
01000000
00010111
01110100
00000000
00000000
00000000
00000100
00000001
00000000
01000000
01000000
00010000
00000000
00000010
00000000
00000000
00010000
00000010
00000000
00000001
01000000
01110100
10000010
10000010
01010000
01101100
00011100
00001010
00000001
10000000
11010000
00100000
00000110
00000010
00000000
11111000
00000000
00000000
00000000
00000000
00010000
00000000
00000000
00000000
00000000
00000000
00000000
00000000
00000000
00000000
00000000
00000000
00000000
00001111
11000111
11111111
11111111
10000010
11100001
11110000
01111111
00011111
11111111
11111111
11111111
10111111
11101111
01000011
11111000
00000000
00000000
00111011
11100000
00000000
00000000
00000000
00000000
00000000
00000000
00000000
00100000
00100100
00110001
00000000
01110000
00000110
00110011
00100101
01000000
00000001
11100110
00111101
10011000
00001001
10000000
11110000
00011100
00000011
00000000
01000000
00000000
00000000
00000000
00000000
00000000
00000000
00000000
00000000
00000000
00000000
00000000
00000000
00000000
00000000
00000001
00000000
00000000
00000000
01000000
00010000
00001000
00000000
00000000
10100000
00000000
01000000
00000000
00000000
01000000
00000100
00000000
00000000
00000100
00000000
00110000
00010001
10000000
00000000
00000001
00000000
00000010
00000000
00000000
00000000
00000000
00000000
00000100
00000000
00000000
00000000
00000000
00000000
00000001
00000000
00000000
00000000
00000000
00000000
00000000
00000000
00000000
00000000
00000000
00000000
00000000
00100000
00000000
00000000
00000000
00000000
00000000
00000000
00000000
10000000
00000000
00000000
00000000
00000000
00000000
00000000
00000000
00000000
00000000
00000000
00000000
00000000
00000000
00000001
00000000
00000000
00000000
00000000
00000000
00000000
00000000
00000000
00000000
00000000
00000000
00000000
00000000
00000000
00000000
00000000
00000000
01000101
00000000
00100100
00000010
00000000
00000000
00000000
00000000
00000000
00000000
00000010
00100000
10000000
00000000
00000000
00000000
00000000
00000000
00001010
11000000
00000000
00000000
00110100
00010111
00000001
10000010
00000000
00000000
00000000
00000000
01000000
00100001
11011100
01101100
00001000
10100000
00000000
00010000
00000001
00000000
00000000
00001000
00000000
00000000
00000000
00000000
00000010
00000001
00000001
00000000
00100000
00000000
00000000
01000000
00000000
00010000
00000000
00000000
10000000
00100000
00000011
00000010
10000000
00000000
00000000
00000000
00000000
00000101
10111001
11000000
00111100
00011010
00000000
00000000
00000000
00000000
00000000
00000000
00000000
00000000
00000000
00001100
00000000
00000000
00000000
00000000
00000000
01000000
00000000
00000000
00000100
00101101
00000111
10000110
00010011
00000100
00000000
00000000
00000000
00000000
00000001
11011101
10100000
00000000
00110101
00011100
00000000
00000000
00000000
00000000
00000000
00000000
00000000
00000000
00000000
00000000
00000011
00000000
01010000
00000000
01101110
01000000
00000000
00110000
00000000
00000000
00000001
10000001
10001000
10001001
10010100
00101111
11000000
00110000
00000100
00000000
00000010
11100000
00000000
00000000
00000000
00001000
00100000
00000000
00000000
00000000
00010000
00000000
00000000
00000000
10000000
00000000
00000000
00000000
00000000
00000000
00010010
00000000
00000000
00000000
00000000
00100000
00001000
00000000
00100001
10111000
01100000
00011100
00001000
10000011
00000000
00000000
00000000
00000000
00000000
00000001
01000001
00000000
10000000
00000000
00100000
00010000
00000000
00000000
00000000
00000000
00000000
00000000
00100000
00000000
00000000
00000000
00000000
00000000
00000000
00000000
00000010
00000010
00000000
00000000
00100000
00000000
00000010
00000000
00101000
00000000
00000000
00000000
00000000
00000100
00000110
00000010
00000000
00000000
10000000
01000000
00000000
00000000
00000000
00000001
00000000
00000000
01000100
00000000
00000100
11011011
00000000
00000000
00000000
00010000
00000000
00000000
00000010
00000001
00000000
00110000
00100000
00010000
00000000
00000100
00000000
00000000
00000000
00000000
00000000
00000000
00100000
00010000
00000000
00000000
00000000
00010001
00000011
00000000
00000000
00000000
00000000
00000000
00010000
00000000
00000000
00000000
00000000
00000000
00000000
00000000
00000000
00000000
00000000
00000000
00000000
00000000
00000000
00000000
00010110
10011000
00000000
00000000
00000000
00000000
00000000
00000100
01100000
00000000
00000000
00000000
00000000
00000000
00000000
00000010
00010000
10000000
00000000
00001000
11000000
00000000
00000000
00000000
00000000
00000000
00000001
00000000
01001100
11010001
10011100
00011001
01100010
01000101
10100000
00000000
00000000
00000000
00001000
00000010
00000000
00000000
00000000
00000011
00000000
00000000
00000000
00000000
00000000
00000000
00000000
00000000
00110011
00000000
10000000
00100000
10010000
10001000
00100000
00000001
00000000
00100000
00100000
00001000
00110011
00000000
11111101
11111100
00111111
11101100
00000000
00000000
00000000
00000000
00000000
00000000
00000000
00001000
00000000
00000000
00000000
00000000
00000000
00000000
00000000
00000000
00000000
00010000
00000100
00000001
00000000
11000000
00010000
00000000
01000000
01110000
00111000
00001110
10000011
11110011
00100000
00000000
00100000
00000000
00000000
00000000
00000000
00000000
01010000
00000000
00000000
00000000
00000000
00000000
00000000
00000000
00000000
00000000
11000000
11000000
00000000
00010011
11010000
00010100
00000110
00000000
00000000
00000000
00000000
00000000
00000000
00000000
00000000
00000000
00000001
00000000
00000000
00000000
00000000
00000000
00010000
00000010
00000000
01000000
00000000
00000000
00000100
00000000
00000000
00000000
00000000
00000000
00000010
10000000
01000000
00100000
00000000
00000000
00000000
00010011
00000000
00000000
01000000
00100000
00000000
00000000
00000000
00000000
00000000
00100010
00000000
00000000
00000000
00010000
00000000
00010000
00000000
00000010
00000000
00000000
01000000
00100000
00001000
00000000
00000000
00000000
00000000
00000000
00001100
00000000
00000000
00000000
00000000
00000000
10000000
00101000
00000001
00000000
00000001
00000000
00000100
00000001
11000000
00000000
00000011
00001000
00000000
00000000
00000000
01100000
00000000
00000000
01000000
00010000
00010000
00110000
00000000
00000000
00000000
00000011
01000100
01000000
00000000
01010000
00001000
00000011
00000000
01000000
00000000
00000000
00000010
00000000
10000000
11100000
00101000
00000001
00000001
00000000
00000000
10100000
00000000
00000000
00000000
00010000
00000000
00000000
00000001
00000000
00000000
00000000
00000100
00000001
00000001
00000000
00000000
00000000
00000000
00000000
00000000
00000000
00000000
01000000
00000000
00001000
00000001
00000000
00000000
00000000
00000000
00000000
00000000
00000000
00001011
10000000
00000000
00000000
00000000
00000000
00000000
00000000
00000000
00001000
00000110
00000001
10000000
01000000
00010000
00101111
11111111
11000000
00000001
10011111
11111111
11111111
11111111
11111100
00011110
00000111
10000001
11100000
01110000
00011100
00000111
00000001
00111011
00000000
00111101
11110000
00000000
00001000
00000010
00000000
00000000
00000000
00010000
00000000
00000000
00000000
00000000
00000000
00000000
00000000
00001111
01000000
00000000
00010000
00000000
00000000
00001000
00000110
00000001
10000000
11000000
10100000
00110000
00001000
00001100
00000101
00000000
00000000
00000000
01000100
10000000
00000000
00000000
00000100
00000000
00000001
00000000
00000000
00000000
00000000
00000000
00000000
00000000
00000000
10000000
00000000
00000000
00001000
11000000
00000000
10000000
00001000
00001000
00000010
00000000
00000000
00000000
00000000
00000000
00000000
11010100
10000000
00001110
00000000
00000000
00000000
00000001
00000000
01000000
00010000
00000000
00000001
00000000
00000000
00000000
00000000
00000000
00000000
00000001
11000000
00001100
11001101
11100001
00101000
11111110
00101011
10000110
01000011
11001000
10100000
00111010
00000111
01000001
01110000
00000000
00000000
00000000
00000000
00010000
00000000
00000000
00000000
00000010
00000000
00000000
00000000
00000000
00000000
00000000
00000000
00010000
00000000
00000000
00000000
00000000
00000000
00000000
00000000
00000000
00000000
00000000
00000000
00000000
00000000
00000000
00000000
00000000
00000000
10100110
01000000
00100100
10110000
00000000
00000000
00000000
00010000
00001000
00000100
00000010
00000000
10000000
00100000
00000000
00100000
00000000
00000000
00000000
00000000
00000001
00000000
00000000
00000000
00000001
10000000
10100000
00001100
00000000
00000000
00000000
00000000
00000000
00000000
10100001
00000000
00000000
00000000
00000000
01000000
00000000
00000000
00000000
00000000
00000000
00000000
00000000
00000000
00000000
00000000
00000000
00000000
00000000
00001001
10000101
00000000
00000010
00000010
10000000
10000000
01000000
10100001
00011100
01001100
01010001
11101001
00001000
11000001
00000100
00000000
00101111
00000000
00000000
00000000
01000000
00010000
00000100
00010000
01011000
00000000
00000000
00000000
00000000
00000000
00000000
00000000
00000011
01000000
00000110
00101000
00000000
00001000
10000100
00000000
00000000
00000001
00000000
10100000
00000000
00000001
00000000
10000000
00000000
00000000
00000000
00000000
00000000
00100000
00000000
00000000
00000000
00000000
00000100
00000000
00000000
00000000
00000000
00000000
00000000
00000010
00000001
00000000
00000000
00000000
00000000
00000000
00000000
00000000
00000000
00110000
10110000
10000000
00000000
00001000
00000000
00000000
10000010
10100000
00011010
00111001
00000000
00000000
00000000
00000000
00000000
00000000
00000010
00000000
00000000
00000000
00001000
00000000
00000000
00000000
00000001
00000000
00000000
00110011
01010001
10100000
00010110
00010100
00100010
11111000
11101000
00011111
10000000
00010000
00001100
00100110