11011100
11011100
11011100
11011101
00100100
11011111
00100010
00001001
11011101
11011100
00100011
11100011
11110001
11011100
11011100
00011011
00011100
00011011
00010011
11011100
11011100
11101101
00100001
11011101
00100001
11011101
00011111
11111111
11100111
11100010
11011100
00100000
11011100
11100010
00000001
11100000
11100001
11011100
11011100
11011101
11011100
11100000
11101001
11011111
00100010
00100001
00100011
11011101
11011100
11011100
00010110
11100000
11011100
11011100
00000011
11011100
11011110
00010101
11011100
00010001
11110011
11011101
11100010
11011111
11111101
00001000
11110110
11011110
11101010
00000101
00011001
00011001
00100000
11011110
00011011
11011100
11101111
11011100
00100010
00100001
11111100
00011011
11011101
11100000
11011100
11101100
11011101
11100010
11011111
11011101
11011101
11011100
11011100
11011101
11110100
11100000
11011100
11011100
11011101
11111010
11100101
11101110
11011101
11100001
11011100
00100011
11011101
11100010
00000101
11011100
11111110
11100000
11011100
11011101
11011100
11011100
11011101
00010001
11100001
11011100
00011001
11011100
00010010
00001101
11011100
11100001
11100000
11100011