11011101
11011110
11011100
11011110
11111010
11011100
11011101
00100010
00100011
11011100
00100100
11110110
00000101
00010000
11011100
11111110
11100011
00011010
11101010
11100010
00010010
00001000
11100001
00011101
11100000
11011101
11011100
00011110
00000111
11011101
00011010
11100111
00011010
11100001
11100001
11110010
11110010
11011100
11100000
11011100
00100000
11100100
11111010
00011111
11100001
00010111
11101100
11011100
11011111
00011100
11101110
11100101
11011100
00011111
00010010
00000111
00100001
00010001
00010010
11011110
00000010
11011100
11100100
11011110
11101101
11100011
11100111
11011111
11011100
11100010
00011101
11100011
11011101
11011100
11100110
11011100
11011100
00100010
11011110
11011110
11111010
00010111
00100100
11011111
11011100
00011111
11101100
11100001
11011100
11011110
00011100
11011101
00100011
11011101
00000011
11011110
11100001
11011101
11011101
11110011
11100000
11110001
11011100
00001010
11100010
00011111
11100000
11011100
11011110
00011110
00100100
11101001
11011110
00000111
11101110
11100100
11011101
11110001
11011101
11011101
11100100
11100101
11110011
11011100
11100011
11101101
11011100
00100010