11011101
11011100
00000011
00011001
11011110
11111101
00010110
00010110
11111011
11101100
11100000
11101101
11100000
00100100
11011101
11111010
11011110
00100010
00100011
11011101
11011100
00000011
00011111
00100001
11011100
11011101
00000001
00001001
11111000
00010101
11011100
00011101
00011111
11100101
00100001
00001001
00011110
11100100
11011100
11100001
11011100
11011100
11111110
00100010
11011100
11101010
11011111
11100101
11011111
11011101
00001010
11110010
11011100
11011110
11110110
11011100
11011111
11110010
11011100
00100100
11111001
00100011
00100010
11011100
00011110
11101000
11101111
11011101
00100100
11011101
11100011
11011100
11011100
00100001
11011110
11011100
11100010
11101101
11011101
00001110
00000110
11011100
11011100
00011101
11011110
00011110
00000101
00011111
11100000
11011110
11011101
11011101
11100000
11111011
11111101
11011100
00011110
11011100
11110101
00010101
11100011
11110111
11011101
11100001
11011100
11100111
11011101
00011101
11011101
11100010
11011111
00100100
11011100
00100000
00100011
11101101
00011000
00001111
11011100
11011100
11110000
11011111
00000000
00100001
11100110
11011101
11011101
00010000