11011100
11011100
11011111
11011100
11101111
11100101
00011101
11110100
11011101
11100101
11011100
00000010
11100011
00010100
11011100
11110001
00000110
00011010
00001011
11011111
00100001
00000110
00011010
11011101
11011111
11100010
11011100
00000100
11110011
11011100
11011101
00011100
11011101
00100011
11011100
00100100
11011100
11011101
11111101
11011110
00100010
00100100
00000000
11111000
11101101
11100100
11101001
00100100
00100100
11011100
11011101
11011100
11011100
11011101
11011100
11011101
11011101
11011100
11101100
11011100
11111001
11011101
11011101
00011110
11011101
11101111
11011101
11100010
11101001
00100001
11101001
11111100
11100101
11100001
11011100
11101100
11011100
11011101
00100010
11011100
11111101
11011100
00001001
11100100
11100010
11100111
11011101
00100100
11011100
00011010
11100011
00000010
00011000
11011110
00000101
11110100
11011100
11011100
11011101
11011110
11011111
11100011
00100100
11101110
00011010
11011100
00100011
11110000
11011100
11101010
11011100
11011100
00100011
00100100
00001011
00011000
11011101
00000001
00001011
11100010
00100010
11011100
11101101
11011100
00100000
00011111
11011100
11011111