11110011
11011100
00011001
00010011
11101011
11101111
11011110
11011101
00001110
11011101
11111010
00010001
11100000
11011111
11011101
11101001
00100000
00100000
00000000
11100000
00010011
11110101
11011110
00100010
11011110
11011100
00011101
11011100
11110011
00010111
00001010
11011101
00011010
11011100
11011110
11100000
00100010
11111101
00011000
00011110
00011101
11011100
11100001
00010000
11011100
11100000
11100100
11011100
00000000
11111000
11011100
11100001
11011100
11100000
11011110
11011100
11011111
11011100
00011110
11011100
00000011
11011101
11110100
00001110
00100010
11110010
00100100
00011111
11100011
00001110
11011110
11011101
11111010
00011111
11011111
00011110
00000100
11100101
11100000
11011100
00000110
11011101
11011101
11111111
00100000
11011101
11011110
11011101
11011101
11011101
11011100
00001000
00100000
00010101
11101001
11011111
11011101
11011100
00100000
00011100
00011100
00000111
11011110
11101110
11111001
11100100
00011111
11011110
00100011
11101110
11011101
11011100
00011111
11011100
11100100
00010101
00010011
11011110
11011100
11011100
11011100
11011111
11101100
11011100
11100000
00011100
11101100
11011101