11100111
00100010
00000011
11111101
11011100
00011100
11011100
11011100
11110001
11101000
11011100
11011100
00001101
11011101
00100100
11100100
00011100
11011100
11100111
00010110
00001001
11111011
11011111
11100101
00010110
00100011
11101111
00100001
00100010
11011100
11011111
11011100
11011100
00001001
00100010
11110000
11110010
00100010
11011100
11011111
11100011
11011101
11100101
11011101
11011100
11101100
00100000
11011111
11011111
11011101
00100010
11111100
00010011
00100100
11011100
11011100
11011101
11011100
11011100
00011001
11111010
00100100
11011101
11011111
11011101
11111001
11110011
11011101
11011100
11011100
11011100
00100100
11011100
11111100
11011100
11011110
00010000
11011111
11011100
11101111
11111100
11011110
00100100
11111111
11101001
11100010
00010110
11011101
11101011
11111001
11101011
11011101
11011100
11101011
11111010
11011100
11101011
00011001
00000101
00000010
11100011
11100110
00010100
11011100
00100100
11100000
11011100
11101111
11011100
11110000
11011101
11111010
00100011
11100000
11100100
11100011
11011110
00100001
11011100
11101001
11100110
11100000
11111001
00100100
00010001
11011110
00100001
11011110