11011110
00010010
11101011
00010110
00001100
00010101
00100001
11011100
11011100
00100011
11011100
11100011
00010000
11111101
00100010
11110000
11011100
11011101
11011101
11100100
11011100
11111100
11011100
11011101
11101111
11110010
00011010
11011100
11101110
00100100
00100010
11011101
11011101
11011110
11011101
11101000
11011100
11011101
11011100
11100001
11011100
11011100
11110000
11011101
11011100
11101001
11011110
11101100
00000101
00011110
11100101
11100000
00011101
00010001
00011110
00100011
00001011
00011101
00011010
11100001
11111101
11011101
11100010
11011100
11100101
11111100
11111000
11011110
00100001
11011101
11011101
11011100
11011100
00100010
00010100
11011101
00010001
11100011
11011101
11011100
11100100
11011111
11011100
00011100
00011100
00011110
11011100
11011101
00100011
11101000
11011101
11011100
11011101
00011101
11101001
11110011
11011100
00001010
11111010
11011111
11100111
11110000
11011100
00011100
11011100
11101011
11011101
00100001
11100010
00000101
11011100
11101000
11011100
11100101
11101011
11011101
00100001
11100001
11011100
11011100
11101010
11100011
11101110
11100000
00001100
11100001
00100011
11110111