11011100
11011100
00001111
11011100
11011111
00100001
11011101
11011100
11101000
11011100
11011100
11100001
00100001
11011101
11011100
11110010
00100010
11011110
00000011
11011101
11011101
11110100
11100111
11011101
11101011
11011100
11100011
00000111
11011101
11011100
11011100
00010010
11011100
11101010
00010111
00011110
11111011
00100000
11011100
11111011
11011101
11101000
00100010
11011101
11100111
11011101
11011101
11011110
11100101
11011100
11100100
11011111
11011100
11011100
11100101
00011111
00100000
11011101
11011100
11110011
00000100
11100111
11011110
11011110
00011101
11101010
11111101
11011100
11011100
00100100
11011100
11011110
00100001
11101010
00011000
11011100
11011100
00001011
11011100
00100100
00001100
11011100
11011110
11011101
11110000
11011110
11100001
11100011
11100010
11110100
00100100
11011100
11011100
11111110
11111001
00011101
00011110
11011100
00011101
11110110
11011100
11011101
11011100
00010001
11011110
11011101
11011100
11100101
00100010
00100100
11011100
00011000
11011100
11011101
11011110
11100100
11110101
11111100
11111110
00100011
11111011
11011100
00100100
11011101
11011100
11011100
11011101
11011100