00010100
11011111
11011100
11011100
00000000
11011110
11011101
11011111
11101001
11011110
11011110
11100011
11011101
11011100
11011100
00010000
11011100
11011100
11011100
11011110
11011101
11110001
11011100
11011100
11101010
11100111
11011100
11110101
11100011
11011101
00100010
11011100
11011100
11011100
11011100
11100000
11011101
11011100
11011100
11011100
11011100
00001110
11101110
11011100
00011100
11110111
11011110
00001100
11011100
00100000
11100110
00100000
11011111
00001011
11011100
11100101
11011100
11011100
11011110
11011100
11110010
00010101
00011111
11011100
11011100
11111111
11100011
11011100
11100110
11011110
11111001
00100000
11011101
11011100
11011100
00011100
00100000
11011110
11011100
11100001
11111100
00011111
00001001
11011100
00011110
11011111
00011011
11011100
00011110
00011011
11101101
00011000
11011100
11100000
11111000
11100011
00011110
11100001
11011100
11011100
11101110
11110010
11011100
11011101
00100100
11011100
11011100
11100110
00100010
11011100
11011101
11011111
11101001
11011101
11100000
00001110
00001101
11011100
00100100
11101110
00011000
00100011
11111000
11100001
11011100
11011100
11100011
00011110