00100000
00011111
11101100
11011111
11110001
11011110
11011111
11011100
11101010
00100100
11011101
00100010
11011100
00011011
00100010
11101000
11011100
11011100
11011101
00100100
11011100
11111011
11111101
11011100
11100010
00100001
11011101
11100001
11101001
11011110
11011100
00100100
11011100
11011101
11011100
11110100
11101001
11101010
00011110
00011001
11011100
11011100
11100000
11011100
11011100
11011100
00011001
11011100
11100011
11011110
11011100
11110110
00100010
11110010
11011100
11011100
11011101
11011101
00000110
11100111
00000001
11011100
11100100
11011100
11011100
00000000
11011101
00100000
11110100
11011100
11011100
11011100
11011100
11011101
11101101
00001010
11101011
00100011
11011100
11011100
11101111
11011100
11100001
11011110
11100010
11011101
11101101
11011101
11101011
11011100
00100010
00100001
11011100
00001010
11110001
00100011
00001011
00100100
11110000
11011100
00010010
00000011
00100011
11100001
11100110
00100000
00010101
00100100
11011110
11100001
11100001
11011110
11101011
00100011
11101101
00011110
11011110
11011101
11011100
00100100
11011110
00010001
11110100
11011110
00011110
11011100
11101101
11011100